QU1111T11111, 11:111111111CC111 ’ 080·
mm 0000000010100000 00100 00, 001 000000000100000,
,0000000 0000 0000 00001 1100000000 aliud 0000000000οΗ0000 de
eo quamd qod 00080 0010 ,0,00000 111111J1111s111
1111 , ,0000 100100 000000 ί0001101100 0100 P11e1 11111111
110000

10000 10000 000000 ,00000 serpensille‚1¹1j11s1 0001101001 01100-
0010 Mum-1111 Legenda 000010 000 00000, 0011000100
Bm ,0000 000000101000000010003000010010000000 1000 00000·
1111111 000 00010 00000000 0001100000οο 1010010 0000000000000000· ‘

1000 00 1000000000,ορ1000000000000100000000
C1 010001 00000 0001 1000100 0080000000000100000 ,000000-

0010, 0010000000 01111C111111111s1'11111s1⁹ 80100
0000000000 111 10101000· 0000101008100001001100
,00010 0000 010000 0110001000, 00000000100081
1000001001 ,000 00 00 001000,0 00000 0001011000 000000000000 00000.
010,,Οο00000000000001000000000000001000000 00 00000010 ,01-
1000001000 00000100 ,10000000 000000, 0100008 0,00 000·
d1C11111p111 1000000110οὶ0 00100·0,00000101100 0001001000·οσ
000000101000000 000000 010 0000000000, &11qu0101w
0000000100000011100,0000000 0000000000000000000010000
100000000,000100 0,]01100 00008000 1012(P 00000
8000000100800 0000000000000000000110001100001111-
00000 00000000 ,00 00000000 0000000, 111131173‘s1111181'f111113
0000000000 000000 1001000101οῑ 000000 010000101 ¹
0000 00000 00000 1000001 0000000 00100000 1111111101·
111111111 00000010 H’01131 ,00000100 0001000 ἐο000 100 0100000
»0,οι0 1000 ,00 10000000 010 00000,
,1, 0000, 00000000 00110000 00010 ,01000 000 000100, 010000
00001010000000000000 00100101100800100100 Con

000080

00000 000 0100000110 000000 0000000008· 1101000000, 111 100000
01000000,08000000000·0100000·,0 1011000000 11119111111 00»
100000 8000000111010000000, 00010, 111
1001110101080000000,001ρ100 10000 0010010000
000 000010 000000 000 000000013000000, 000100001000000
1000010000, 8000000100 011131 0010 1000001000000, 1000, 00 -
000000 00000108000000000101 0, 0001010100, 00000000 ‘ ’

0000100000 0000000, Ν, i
¹ 1

 

