36666666666633
ι,31,, 1133” 36⁹ 23916 030 3306 3611133131·13111,’
11 11616116161313,,,,,1113311,63·· ⁴6 3166312

61111111, ’111113116113131331 1316111 6613666166111,
11163 6611331613, 303333330333733 ,

,α

11 11111”1, 1,1111 ,1311

131130 ,63313 11611333 '2³33' 11337, pm

33³6 313, 1,, 331113 111111 333 63 236. ,3,

3,·31 1111 3631611161

1163 033.. 1,, 6,,31131116

1711136 1111133111 1131113 , . · . 766

1111131· ,1133131 6111. 0303 . . 333

1313163111 333 1116111131· , . , , 9913,

Q 1161111631 11, 1111111 1131 1311111111,

61 11116 (331363 111161 11611111 1161,1 1111166611

“3303 313311 11161, 331··111111··1131,611 11113,

11161, ,11,1 1111131131· 313136»

, 11311111,36313111,13
1, , ,, 1 0330 1111311111 ’21 1111111111001611 ’31633
1111161 11, 1311 13, 3¹ ,31 1111331616 1111111, 113.

16113616 ,11366136616611131111 63111313 333
6 333· 33003 1111133 ,1136111111133113611 ,1111
333 3,·1, 11111131, ,1311113133113116 131 ,1.
’313111 163311111131111361 1111111111613116
13111· 1111311, 3163163311
1111] 113611 3111111311111111111111131 131111”1111·
60 61131 63611 1111311113, 32 ,, ,1111611131 11313111, 162

1116311,161113611111113116316516 61631616111111,
1111113116111131311111113,

111133 ³336 ,61611166631133111111116163111
,1·13,131116111; 1111 1611111111116 8113131166
11131113131331131111 ’131 33 1113, 111, 6161111 13661111

61111133, 3311611313 161136, 1161 1113, 3303333313333333
,111111131116111 1111111113,111 11131131 311111311361111161111316
6163613613316,13111” ι,131161311111111, 33133131
6131· 111111313311111111116 61116116111111111116,131111131 161·
33 6611111113 61111133 6113611131631111 1611311161· 333333

3333 13313, 13, 36 13, 3333 11333611 (11111161 1111311
3333 ³3

 

