999999999 RRRN

99 11101110 1110111111, 0111 01001011Η11113 01011 18.
8111111111 1301011010110101101.1110111110011181111101110.11

RNRRRRR

N 111010 00100 011, 801010115100111010110110, N 1011001 N
1010011010011 1111100101

1101100010101011111 1111110, R 11· 1). 8100111
0οἯ01111111811110111Β111111111110[3108111000
81011111110101010, 11111011. 100101 8111 1111111

01111111111111111111111111)1 [10101111 11111[
999 9999 999 999999' 9999 1)[1111,[111 1111111111 99999 11 99-9999 11111

11[11111811111·[1’10111 01111101111,111[111
1111101οΗ1011110111101111 1111110111·1111111[[1,[00’
111 9999 1111111, R) 01111111 [1011111111 ,01 1111- 111111111111111[
01101 1111 99R9's999999 1011111001011111011111111110111))
0001101010· ,0 999 999999999999 9999 0111, 0111111 1111111 [11111
[111[1,·[,111111’1 111011111111111111100111111 99 1101 999999999 9

· 111011 101111111,1’110111111111 999R99999 1101-1111111111
01[1101 011111, 88111111 0111111110 18111011101111111111101
[0 9999 11 99 999 99 81111111 111 11111111, 1111111 9999 9999 1[ 99
011111 1110111 9999 R99999 111011[111111111111111 999

1111111111, 11111111 1101111111 110111 1[1 1[1 9999 999² 1)ἰέ
[118108111111111118811111111111111111111111111·
0110100111 11111 ’11100 9993.

8000111001, 00000111011101110101111011Ἣ10111111011
1100001111011111 0111810 999 999 1, 01111111 1101001101
’ 1113011 1110111,09,1181,11)·00010113.811010 111
’11000 111 11111011 0001 ’1110” 1101011 11100, 9399 1111111111 1111011111’
11111111)10111011111·11111111,1111110111111110101
, [1001111110110111100101110 ’81110001001110111110,01100110
1000111000 11 1111101011 0111000100110101010101 1110 011010 101101
1100091111 0111110110111 0000101011111010111010111
’010100111001010101101010” 1111111100 00101’0’1 100 1,80 00110
’10001001 111111111111111-,011111111111. 1’·010100,·
,110111 0101111010010100011100110001111111110 1101001111

39 1110111 00101000108111111, dNR 0111010 1010100100), <29
ι,111011 ’ PR

 

