1111111111 1111111111 s

(111 11111111 1111111111111ΜΜ 111111, 1111111111 111111 111111 11111111
1,,1, 11111 1010 1111111111 1111111111] 11111111111
4444 11111111 111111 [1111 1111··111111 11111 1111111. 3 1111· 1111 1111111
11111111111111 11111 [1111111111111 111111111111
111· 4440 104l4ss³444 44s440 [11111111 11 11111111,
[11111111111[11111111111,1 71111111111111111111111111111111
111111111111111111111111 ’1111111111
111111111111111111111111111111111111
111111111111111111111 11111111111111110111111111111.
11111 1111111111 1111111111111111111111 11111111·
111111011111,111111111111111111 11 11111111111,1,11·,1
11111111·111111111111·1111·11’11111111111111 1111, 111111 11111,
11111111 11111111 111111 0101 1111111 111
11111 111,11 111111 111111 1111111111111,11111111’111111111111ω
1111111111 11.111111111111111111Μ111111110111111111111

11111 1111· 111111, 11111111 (1111111111 1111111111

1111111 1,1111111111111111111111111111111 11111111,
JJJ, 11) ¹
J11J41 1111111111111111111101111111111111111 1111111111
1111110111111111 11111111111111111111111,11111Μ
611111111111111,11111 11111111 1111111111.
11 1111 1111111 1111· 11111111111111111111 1111111 111..
11111111111111111111111111111111111111,11111111·11111«
11111111· 1111, 1111 1111111 111111111111111111111111, 1111111 001
11111111111111111111111111111111 11
111111111111111111111111111111111111 111 111111111111111
,111111,1 1,1”’.1 111, 111 1111111111 11111
111111 ,11111 111111 1111 11, 1111111111
1111

111111
1111111, 11111, 1111111 1111 111· 11111111 1111111111 1,1 1111111111·

0

,111

111111111111111111111 1111111111 1111111111111111111111
1111111111111111,1111111111111 11111··111111111·11 1,,11
11111 1111 111 ,11111111111111111 111·
4*104444444

11111 111, 11111.

,1

11111111111111111111111111111111111111111,11111111111111 ἱ1 11, 4
v>40 ””

 

